1973	1	6785313
1973	2	4174914
1973	3	5870493
1973	4	8474503
1973	5	11591142
1973	6	14804510
1973	7	17228400
1973	8	18825806
1973	9	19263240
1973	10	19621129
1973	11	17883910
1973	12	11905771
1974	1	6052882
1974	2	3854289
1974	3	4661380
1974	4	7528674
1974	5	11399540
1974	6	14579873
1974	7	16520474
1974	8	19129897
1974	9	19423823
1974	10	18939174
1974	11	16428553
1974	12	10941698
1975	1	5713922
1975	2	3426334
1975	3	4235691
1975	4	7367830
1975	5	10750235
1975	6	15185183
1975	7	17735068
1975	8	18914416
1975	9	19494423
1975	10	18405145
1975	11	16043860
1975	12	10467241
1976	1	6078769
1976	2	3704618
1976	3	4352866
1976	4	6981836
1976	5	10600681
1976	6	13744307
1976	7	16280016
1976	8	18222603
1976	9	18536990
1976	10	17225977
1976	11	14550947
1976	12	9576345
1977	1	5547529
1977	2	3431454
1977	3	4166707
1977	4	6199399
1977	5	9575324
1977	6	13066063
1977	7	14894326
1977	8	16757455
1977	9	16868103
1977	10	17424135
1977	11	15405963
1977	12	9965153
1978	1	5980224
1978	2	4459347
1978	3	4435006
1978	4	6494843
1978	5	9612776
1978	6	12266340
1978	7	15497258
1978	8	17357842
1978	9	17924613
1978	10	17633152
1978	11	15849950
1978	12	10411779
1979	1	5417339
1979	2	3147781
1979	3	4003390
1979	4	7438254
1979	5	10839562
1979	6	14249807
1979	7	16535423
1979	8	17710884
1979	9	18211923
1979	10	17843448
1979	11	15417260
1979	12	9260270
1980	1	4570981
1980	2	2837523
1980	3	3304298
1980	4	5371055
1980	5	8865642
1980	6	12560730
1980	7	15583684
1980	8	17814297
1980	9	18835660
1980	10	18593374
1980	11	16217613
1980	12	10167596
1981	1	4410547
1981	2	2898194
1981	3	3414480
1981	4	5902764
1981	5	9365045
1981	6	13064203
1981	7	16049329
1981	8	17756229
1981	9	18602623
1981	10	18300855
1981	11	16079783
1981	12	10913535
1982	1	5281072
1982	2	3130877
1982	3	4295485
1982	4	7685470
1982	5	10771453
1982	6	13473190
1982	7	15889090
1982	8	17801929
1982	9	18369627
1982	10	17812332
1982	11	15623440
1982	12	9246504
1983	1	4772976
1983	2	3097724
1983	3	4030944
1983	4	6533359
1983	5	9540839
1983	6	12603027
1983	7	15478148
1983	8	17267310
1983	9	18596650
1983	10	17933203
1983	11	15976373
1983	12	10408864
1984	1	4803591
1984	2	2687074
1984	3	3628731
1984	4	6488350
1984	5	9762283
1984	6	13182850
1984	7	16408355
1984	8	17948116
1984	9	18185583
1984	10	17592094
1984	11	16096337
1984	12	10486253
1985	1	4492005
1985	2	2848430
1985	3	3727446
1985	4	6452537
1985	5	10164711
1985	6	13495880
1985	7	15742700
1985	8	17642842
1985	9	18721357
1985	10	18229661
1985	11	16211063
1985	12	11361284
1986	1	5427472
1986	2	3219586
1986	3	3725958
1986	4	6443864
1986	5	9315557
1986	6	12639677
1986	7	15330474
1986	8	17017890
1986	9	17709537
1986	10	17193942
1986	11	14957403
1986	12	9662440
1987	1	5148675
1987	2	3259204
1987	3	4124870
1987	4	6763584
1987	5	9707635
1987	6	12752930
1987	7	15766287
1987	8	17605387
1987	9	18259190
1987	10	17687248
1987	11	15596297
1987	12	10486855
1988	1	4697242
1988	2	2896646
1988	3	3977158
1988	4	6299238
1988	5	9613845
1988	6	13104917
1988	7	15761445
1988	8	17573481
1988	9	18321153
1988	10	18375377
1988	11	16160447
1988	12	11071647
1989	1	4748806
1989	2	2988463
1989	3	3938613
1989	4	6317513
1989	5	10308928
1989	6	13592893
1989	7	15723768
1989	8	17479013
1989	9	18133940
1989	10	17869661
1989	11	15748053
1989	12	9849051
1990	1	4878541
1990	2	3047271
1990	3	3977937
1990	4	7011683
1990	5	9728493
1990	6	13095833
1990	7	15585145
1990	8	17580497
1990	9	18207057
1990	10	17962345
1990	11	15480807
1990	12	9964158
1991	1	5349705
1991	2	3171790
1991	3	3820493
1991	4	7065268
1991	5	10291472
1991	6	13078677
1991	7	15562877
1991	8	17734184
1991	9	18326367
1991	10	17931142
1991	11	15596713
1991	12	10203372
1992	1	4759240
1992	2	2848479
1992	3	3583492
1992	4	6804427
1992	5	9936240
1992	6	12819850
1992	7	15906584
1992	8	17740632
1992	9	18161873
1992	10	17947971
1992	11	15908333
1992	12	10216498
1993	1	4420894
1993	2	2493267
1993	3	3679755
1993	4	6665943
1993	5	10117535
1993	6	13162383
1993	7	15870713
1993	8	17507932
1993	9	18558983
1993	10	18142358
1993	11	16054667
1993	12	9948256
1994	1	4978112
1994	2	3211065
1994	3	4561525
1994	4	7233946
1994	5	10423330
1994	6	13575013
1994	7	16309600
1994	8	17854161
1994	9	18629650
1994	10	18105094
1994	11	15893683
1994	12	10112282
1995	1	5649887
1995	2	3573040
1995	3	4639725
1995	4	7282912
1995	5	10433677
1995	6	13303757
1995	7	15761671
1995	8	17805129
1995	9	18391290
1995	10	18043974
1995	11	15646607
1995	12	10632843
1996	1	5881831
1996	2	2995568
1996	3	4194895
1996	4	7291557
1996	5	10928969
1996	6	13882503
1996	7	16133161
1996	8	17755316
1996	9	18645910
1996	10	17978871
1996	11	15730537
1996	12	9664104
1997	1	4208358
1997	2	2500421
1997	3	3468213
1997	4	6503353
1997	5	10135580
1997	6	13128053
1997	7	15933329
1997	8	17697574
1997	9	18610127
1997	10	18007345
1997	11	15745223
1997	12	10295806
1998	1	4475608
1998	2	3000483
1998	3	4118611
1998	4	6865175
1998	5	10340058
1998	6	13325627
1998	7	15976242
1998	8	17895794
1998	9	18918307
1998	10	18675061
1998	11	16314343
1998	12	10531362
1999	1	4827367
1999	2	2977395
1999	3	3989417
1999	4	6903805
1999	5	10277765
1999	6	13661797
1999	7	16295594
1999	8	17972445
1999	9	18711307
1999	10	18367568
1999	11	15978160
1999	12	10733381
2000	1	4759828
2000	2	2918075
2000	3	4096868
2000	4	7143358
2000	5	10932446
2000	6	13905330
2000	7	16111110
2000	8	18220387
2000	9	18901870
2000	10	18144429
2000	11	15770383
2000	12	9920022
2001	1	5243565
2001	2	3660998
2001	3	4742109
2001	4	7055242
2001	5	10341392
2001	6	13430320
2001	7	15864926
2001	8	17436297
2001	9	18188833
2001	10	17740261
2001	11	15623013
2001	12	10357446
2002	1	4750277
2002	2	2970750
2002	3	3758624
2002	4	6338585
2002	5	9523210
2002	6	12387113
2002	7	15426648
2002	8	17079510
2002	9	17901477
2002	10	17879874
2002	11	15417600
2002	12	10795359
2003	1	5706228
2003	2	3946344
2003	3	4669971
2003	4	7376351
2003	5	10837962
2003	6	14080023
2003	7	16501700
2003	8	17704377
2003	9	18403463
2003	10	18237855
2003	11	15921137
2003	12	10181055
2004	1	5510763
2004	2	3754717
2004	3	4736860
2004	4	7440520
2004	5	10620684
2004	6	13958653
2004	7	16512119
2004	8	18167113
2004	9	19051057
2004	10	18510745
2004	11	15848437
2004	12	9830075
2005	1	4589115
2005	2	3048151
2005	3	4183996
2005	4	7075472
2005	5	10342446
2005	6	13311927
2005	7	16201787
2005	8	17948584
2005	9	18774390
2005	10	18316290
2005	11	15949983
2005	12	9077425
2006	1	3910934
2006	2	2679304
2006	3	3302263
2006	4	6067836
2006	5	9538382
2006	6	13435493
2006	7	16212510
2006	8	18185000
2006	9	19125513
2006	10	18728229
2006	11	15972200
2006	12	9487093
2007	1	4477220
2007	2	3012920
2007	3	3970673
2007	4	6496107
2007	5	9745262
2007	6	13403340
2007	7	16048939
2007	8	17752465
2007	9	18920670
2007	10	18475694
2007	11	15665923
2007	12	11643358
2008	1	6135958
2008	2	3852968
2008	3	5368700
2008	4	8356759
2008	5	11182068
2008	6	14205827
2008	7	16197994
2008	8	17766839
2008	9	18219697
2008	10	18040994
2008	11	16096803
2008	12	10952294
2009	1	5538512
2009	2	3172173
2009	3	4635276
2009	4	7918972
2009	5	11049022
2009	6	14054660
2009	7	16337400
2009	8	18161681
2009	9	19005247
2009	10	18335700
2009	11	15671050
2009	12	10292219
2010	1	4784631
2010	2	3197855
2010	3	4042276
2010	4	6836048
2010	5	10722407
2010	6	14494410
2010	7	16975732
2010	8	18626748
2010	9	18838833
2010	10	18684532
2010	11	16435093
2010	12	10731119
2011	1	4391388
2011	2	2705578
2011	3	3526130
2011	4	6187999
2011	5	10199345
2011	6	13421693
2011	7	15843229
2011	8	17882184
2011	9	18810497
2011	10	17737623
2011	11	15127290
2011	12	10440906
2012	1	4924643
2012	2	3055370
2012	3	3990688
2012	4	6644277
2012	5	9772877
2012	6	12851509
2012	7	15574690
2012	8	17472478
2012	9	18967848
2012	10	18603684
2012	11	15913788
2012	12	9966942
2013	1	5334128
2013	2	3896437
2013	3	5141222
2013	4	7723749
2013	5	11030187
2013	6	14263663
2013	7	16884030
2013	8	18752669
2013	9	19486501
2013	10	19102462
2013	11	16729343
2013	12	11469040
2014	1	6093476
2014	2	3881396
2014	3	5012857
2014	4	8425600
2014	5	11652044
2014	6	14808005
2014	7	17228916
2014	8	18984467
2014	9	19846204
2014	10	19039070
2014	11	16178059
2014	12	11544885
2015	1	6551881
2015	2	3870815
2015	3	5127836
2015	4	8484454
2015	5	11834975
2015	6	14591174
2015	7	16835034
2015	8	17810269
2015	9	18467578
2015	10	18438835
2015	11	15967120
2015	12	10161953
2016	1	4555333
2016	2	2905731
2016	3	4212598
2016	4	7336286
2016	5	10161014
2016	6	13359369
2016	7	16145181
2016	8	17940766
2016	9	18193477
2016	10	17439357
2016	11	13828861
2016	12	7812368
2017	1	3697520
2017	2	2449678
2017	3	2938024
2017	4	5562762
2017	5	9097663
2017	6	12538641
2017	7	15383624
2017	8	17297916
2017	9	17917158
2017	10	17802670
2017	11	14889705
2017	12	9044310
2018	1	4023060
2018	2	2524189
2018	3	3719318
2018	4	6127275
2018	5	9455426
2018	6	13003655
2018	7	15833712
2018	8	17509632
2018	9	18023987
2018	10	17701522
2018	11	14727319
2018	12	8429323
2019	1	3727038
2019	2	2757422
2019	3	3306006
2019	4	5805989
2019	5	8956511
2019	6	12389142
2019	7	15428096
2019	8	17540513
2019	9	18414133
2019	10	17959895
2019	11	14844305
2019	12	8957813
2020	1	4339273
2020	2	2971611
2020	3	4105083
2020	4	6757255
2020	5	9987532
2020	6	13393852
2020	7	15856234
2020	8	17829315
2020	9	18908133
2020	10	18509569
2020	11	15989644
2020	12	9999607
2021	1	4449512
2021	2	2946606
2021	3	4563905
2021	4	7252369
2021	5	10515368
2021	6	13656587
2021	7	16553606
2021	8	18268699
2021	9	18572880
2021	10	17618758
2021	11	14685052
2021	12	8539644
2022	1	3780271
2022	2	2433320
2022	3	3101254
2022	4	6115064
2022	5	9532700
2022	6	12353794
2022	7	15094078
2022	8	17159096
2022	9	18168502
2022	10	17464338
2022	11	14915195
2022	12	8261471
2023	1	3219817
2023	2	2149542
2023	3	3117933
2023	4	5691977
2023	5	8560035
2023	6	11229392
2023	7	13742207
2023	8	15659351
2023	9	16917835
2023	10	16296469
2023	11	14056386
2023	12	8403713
